x: Stack+malloc area changed from 131072 to 8000 bytes.
-[ std ]----------------------------------------
[8]  5  6  38  46  62  20  62  128485  
[7]  5  6  29  46  62  20  128547  
[7]  5  6  20  46  62  20  128547  
[7]  5  6  11  46  62  20  128547  
[7]  5  6  2  46  62  20  128547  
[7]  5  6  2  37  62  20  128547  
[7]  5  6  2  28  62  20  128547  
[7]  5  6  2  19  62  20  128547  
[7]  5  6  2  10  62  20  128547  
[7]  5  6  2  1  62  20  128547  
[7]  5  15  2  1  62  20  128547  
[8]  5  15  9  2  1  62  20  128547  
[8]  5  15  18  2  1  62  20  128547  
[8]  5  15  27  2  1  62  20  128547  
[7]  5  15  38  1  62  20  128547  
[8]  5  15  38  9  1  62  20  128547  
[8]  5  15  38  18  1  62  20  128547  
[8]  5  15  38  27  1  62  20  128547  
[8]  5  15  38  36  1  62  20  128547  
[7]  5  17  38  46  62  20  128547  
-[ worst ]--------------------------------------
[9]  5  17  38  46  62  20  62  62  128412  
[10]  5  17  38  46  62  20  62  62  62  128341  
[11]  5  17  38  46  62  20  62  62  62  62  128270  
[12]  5  17  38  46  62  20  62  62  62  62  62  128199  
[13]  5  17  38  46  62  20  62  62  62  62  62  62  128128  
[14]  5  17  38  46  62  20  62  62  62  62  62  62  62  128057  
[15]  5  17  38  46  62  20  62  62  62  62  62  62  62  62  127986  
[16]  5  17  38  46  62  20  62  62  62  62  62  62  62  62  62  127915  
[17]  5  17  38  46  62  20  62  62  62  62  62  62  62  62  62  62  127844  
[18]  5  17  38  46  62  20  62  62  62  62  62  62  62  62  62  62  62  127773  
[18]  5  17  38  46  62  20  62  71  62  62  62  62  62  62  62  62  62  127773  
[17]  5  17  38  46  62  20  62  142  62  62  62  62  62  62  62  62  127773  
[16]  5  17  38  46  62  20  62  213  62  62  62  62  62  62  62  127773  
[15]  5  17  38  46  62  20  62  284  62  62  62  62  62  62  127773  
[14]  5  17  38  46  62  20  62  355  62  62  62  62  62  127773  
[13]  5  17  38  46  62  20  62  426  62  62  62  62  127773  
[12]  5  17  38  46  62  20  62  497  62  62  62  127773  
[11]  5  17  38  46  62  20  62  568  62  62  127773  
[10]  5  17  38  46  62  20  62  639  62  127773  
[8]  5  17  38  46  62  20  62  128485  
-[ std ]----------------------------------------
